4149, 4350
4144, 4145
4112, 4114
4101, 4239, team
4086, 4088, team
4053, 4208, team
3984, 3988, team
3899, 3951
3866, 3926, team
3856, 3857
3457, 3781
2843, 4322
4319, 4317
4308, 4316
4255, 4256, team
4243, 4307
4238, 4239, team
4207, 4208
3961, 4004
3953, 3963, team
3888, 3889
3872, 4304
3868, 4304
3858, 4300
3811, 3845, team
3432, 4322
2870, 4312
1428, 3952, team
4078, 4079, team
4075, 4076, team
4065, 4066, team
4055, 4056, team
4051, 4127
4049, 4054
3935, 3942
3932, 4205
3764, 3835, team
2485, 3795, team
4036, 4050, team
3980, 3988,	team
3769, 3836, team
3758, 3760, team
3708, 3760, team
3449, 3780
3410, 3960
3708, 3760, team
4431, 4430, team
4421, 4431, team
4416, 4417, team
4415, 4419, team
4413, 4419, team
4355, 4356, team
4331, 4313
4319, 4317
4308, 4316
4255, 4256, team
3936, 4419, team
4237, 4374, team
3964, 4014
3789, 3795, team
4434, 4438, team
3989, 4050, team
3869, 4444
3867, 4315, team
3812, 3819, team
3301, 4398, team
4433, 4425
4394, 4436, team
4385, 4386, team 
3718, 3778, team
4423, 4480
4400, 4482
4264, 4313
4259, 4260, team
3735, 4099
3215, 4382
2436, 4259, team
4380, 4387, team
4378, 4379, team
4376, 4377, team
4364, 4366, team
4432, 4430, team
4391, 4392
3376, 3488, team
